4.667418007175640469e+02 1.000000000000000000e+03 1.000000000000000000e+03 1.000000000000000000e+03 1.000000000000000000e+03 1.000000000000000000e+03 1.000000000000000000e+03 1.000000000000000000e+03 1.000000000000000000e+03 1.000000000000000000e+03 1.000000000000000000e+03
4.859553135239433459e+02 4.511869195582825682e+02 1.000000000000000000e+03 1.000000000000000000e+03 1.000000000000000000e+03 1.000000000000000000e+03 1.000000000000000000e+03 1.000000000000000000e+03 1.000000000000000000e+03 1.000000000000000000e+03 1.000000000000000000e+03
3.166967318337249822e+02 3.180558957165768561e+02 2.896039440930676960e+02 1.000000000000000000e+03 1.000000000000000000e+03 1.000000000000000000e+03 1.000000000000000000e+03 1.000000000000000000e+03 1.000000000000000000e+03 1.000000000000000000e+03 1.000000000000000000e+03
3.530193083375217498e+02 3.397763612417742252e+02 2.478313727668299293e+02 3.189877964086813336e+02 1.000000000000000000e+03 1.000000000000000000e+03 1.000000000000000000e+03 1.000000000000000000e+03 1.000000000000000000e+03 1.000000000000000000e+03 1.000000000000000000e+03
2.992736398433864906e+02 3.036889904071293813e+02 2.296073837128606101e+02 2.448197646869637936e+02 3.034329152493998549e+02 1.000000000000000000e+03 1.000000000000000000e+03 1.000000000000000000e+03 1.000000000000000000e+03 1.000000000000000000e+03 1.000000000000000000e+03
2.703491128372185131e+02 2.731962845163535576e+02 2.138182759826211736e+02 2.620534843110675638e+02 2.997847232750206672e+02 2.597811662053355235e+02 1.000000000000000000e+03 1.000000000000000000e+03 1.000000000000000000e+03 1.000000000000000000e+03 1.000000000000000000e+03
2.797878196139835154e+02 2.818339394620508074e+02 2.608441622687659560e+02 2.350082590985270201e+02 2.294123994192568148e+02 2.263157749793194000e+02 2.787878142574425055e+02 1.000000000000000000e+03 1.000000000000000000e+03 1.000000000000000000e+03 1.000000000000000000e+03
2.976730050611166689e+02 3.044528325220686042e+02 2.589667182610277223e+02 2.651383717090095047e+02 2.469619419465480519e+02 1.989269133474402906e+02 2.310537717962557167e+02 2.332754217818728648e+02 1.000000000000000000e+03 1.000000000000000000e+03 1.000000000000000000e+03
5.164046974630111890e+02 3.921515572836028696e+02 2.955716251247333162e+02 3.293458703267484680e+02 2.721644744582241628e+02 2.436383172770555632e+02 2.600218465142451123e+02 2.970240001918803614e+02 4.286786267009679250e+02 1.000000000000000000e+03 1.000000000000000000e+03
4.982061212717543413e+02 4.605334810971227739e+02 2.882919345120691901e+02 2.845367011328400508e+02 2.519208604243954994e+02 2.617405717139655508e+02 2.552142214153696500e+02 2.847125091439975222e+02 4.429068617532830103e+02 4.032287920185590337e+02 1.000000000000000000e+03
2.376936771868778919e+02 2.494477221494890671e+02 2.368535324133827089e+02 2.431834843628507770e+02 2.454763516270080856e+02 2.147475181232992441e+02 2.436866174096487043e+02 1.923494686653499741e+02 2.200610239781092332e+02 2.245612178709385205e+02 2.177205406225914146e+02
