2.853171058705721066e+02 1.000000000000000000e+03 1.000000000000000000e+03 1.000000000000000000e+03 1.000000000000000000e+03 1.000000000000000000e+03 1.000000000000000000e+03 1.000000000000000000e+03 1.000000000000000000e+03 1.000000000000000000e+03
2.233623098744647848e+02 2.893169110060334219e+02 1.000000000000000000e+03 1.000000000000000000e+03 1.000000000000000000e+03 1.000000000000000000e+03 1.000000000000000000e+03 1.000000000000000000e+03 1.000000000000000000e+03 1.000000000000000000e+03
2.284350316136748802e+02 2.572688443178841453e+02 2.853285816117879108e+02 1.000000000000000000e+03 1.000000000000000000e+03 1.000000000000000000e+03 1.000000000000000000e+03 1.000000000000000000e+03 1.000000000000000000e+03 1.000000000000000000e+03
2.342283315212494585e+02 2.401359798438948872e+02 2.578983323835894907e+02 2.684815454441246061e+02 1.000000000000000000e+03 1.000000000000000000e+03 1.000000000000000000e+03 1.000000000000000000e+03 1.000000000000000000e+03 1.000000000000000000e+03
2.129784436695414058e+02 2.413783266898940383e+02 2.617440842769523783e+02 2.381262296849654376e+02 2.759847786424587071e+02 1.000000000000000000e+03 1.000000000000000000e+03 1.000000000000000000e+03 1.000000000000000000e+03 1.000000000000000000e+03
2.272558916960506394e+02 2.960606731421968334e+02 2.495188301516326135e+02 2.354186747748429696e+02 2.365523786305972465e+02 2.779287407251165973e+02 1.000000000000000000e+03 1.000000000000000000e+03 1.000000000000000000e+03 1.000000000000000000e+03
1.910564278549930464e+02 2.365813165564432836e+02 2.440061724051900569e+02 2.333055239879747660e+02 2.808035901876173739e+02 2.438439808502813264e+02 2.810014170575574894e+02 1.000000000000000000e+03 1.000000000000000000e+03 1.000000000000000000e+03
2.494324752739827034e+02 2.371292991623022317e+02 2.406331972843937876e+02 2.553111785417364388e+02 2.317932848015837806e+02 2.468478286849808683e+02 2.134797119211369534e+02 2.870297509363584254e+02 1.000000000000000000e+03 1.000000000000000000e+03
2.668792323813507892e+02 2.190745344995658854e+02 2.229596424220035260e+02 2.256743968326851757e+02 2.149259739715158162e+02 2.267103668188301526e+02 1.965929141291528879e+02 2.521398799697491881e+02 2.823368389993807455e+02 1.000000000000000000e+03
2.187291806249541821e+02 2.480271866267107725e+02 2.578377601988013339e+02 2.275026085223165069e+02 2.479844736152175244e+02 2.397265519931429480e+02 2.468272408270455855e+02 2.423661539677921724e+02 2.238585026344382527e+02 2.641543808898941847e+02
